20141031
20141218
20150111
20150123
20150216
20150228
20150312
20150324
20150405
20150429
20150511
20150523
20150604
20150710
20150722
20150815
20150920
20151002
20151014
20151107
20151119
20151201
20151213
20151225
20160106
20160118
20160211
20160223
20160306
20160318
20160330
20160411
20160505
20160517
20160529
20160610
20160704
20160716
20160728
20160809
20160821
20160902
20160914
20160926
20161002
20161008
20161014
20161020
20161026
20161101
20161107
20161113
20161119
20161201
20161207
20161213
20161219
20161225
20161231
20170112
20170118
20170124
20170130
20170205
20170211
20170223
20170301
20170307
20170313
20170319
20170325
20170331
20170406
20170412
20170418
20170424
20170430
20170506
20170512
20170518
20170524
20170530
20170605
20170611
20170617
20170623
20170629
20170705
20170711
20170717
20170723
20170729
20170804
20170816
20170822
20170828
20170903
20170909
20170915
20170921
20170927
20171009
20171015
20171021
20171027
20171102
20171108
20171114
20171120
20171202
20171208
20171214
20171226
20180101
20180107
20180113
20180119
20180125
20180131
20180206
20180218
20180224
20180302
20180308
20180314
20180320
20180326
20180401
20180407
20180413
20180419
20180425
20180501
20180507
20180513
20180519
20180525
20180531
20180606
20180612
20180618
20180630
20180712
20180718
20180724
20180730
20180805
20180811
20180817
20180823
20180829
20180904
20180910
20180916
20180922
20180928
20181004
20181010
20181016
20181022
20181028
20181109
20181115
20181121
20181127
20181203
20181209
20181215
20181221
20181227
20190102
20190108
20190114
20190120
20190126
20190201
20190207
20190213
20190225
20190303
20190309
20190321
20190402
20190408
20190414
20190420
20190426
20190502
20190508
20190520
20190526
20190601
20190607
20190613
20190625
20190701
20190707
20190713
20190719
20190725
20190731
20190806
20190812
20190818
20190824
20190830
20190905
20190911
20190917
20190923
20191005
20191011
20191017
20191023
20191029
20191104
20191116
20191122
20191128
20191204
20191210
20191216
20191222
20191228
20200103
20200109
20200115
20200121
20200127
20200202
20200208
20200214
20200220
20200226
20200303
20200309
20200315
20200321
20200402
20200408
20200414
20200420
20200426
20200502
20200508
20200514
20200520
20200526
20200601
20200607
20200613
20200619
20200625
20200701
20200707
20200713
20200719
20200725
20200731
20200806
20200812
20200818
20200824
20200830
20200905
20200911
20200917
20200923
20200929
20201005
20201011
20201017
20201023
20201029
20201104
20201110
20201116
20201122
20201128
20201204
20201210
20201216
20201222
20201228
20210103
20210109
20210115
20210121
20210127
20210202
20210208
20210214
20210220
20210226
20210304
20210310
20210316
20210322
20210328
20210403
20210409
20210415
20210421
20210427
20210503
20210509
20210515
20210521
20210527
20210602
20210608
20210614
20210620
20210626
20210702
20210708
20210714
20210720
20210726
20210801
20210807
20210813
20210819
20210825
20210831
20210906
20210912
