20160902 20160902 0.0000 0
20160902 20160914 15.1690 12
20160902 20160926 56.1398 24
20160902 20161002 93.0558 30
20160902 20161008 29.4801 36
20160902 20161014 48.0581 42
20160902 20161020 -24.4475 48
20160902 20161026 17.3125 54
20160902 20161201 105.3127 90
20160902 20161207 30.4858 96
20160902 20161213 117.8720 102
20160902 20161219 51.2723 108
20160902 20161225 74.8260 114
20160902 20161231 149.4455 120
20160902 20170112 117.4626 132
20160902 20170118 -16.0524 138
20160902 20170124 24.9755 144
20160902 20170130 54.2673 150
20160902 20170301 -18.2760 180
20160902 20170307 -66.6986 186
20160902 20170313 90.7661 192
20160902 20170319 -44.6715 198
20160902 20170325 24.6136 204
20160902 20170331 14.5571 210
20160902 20170406 -30.7425 216
20160902 20170412 40.5726 222
20160902 20170418 -18.6851 228
20160902 20170424 93.1168 234
20160902 20170506 49.0791 246
20160902 20170512 93.9459 252
20160902 20170530 -101.9727 270
20160902 20170605 36.8965 276
20160902 20170617 -26.9778 288
20160902 20170705 -30.3078 306
20160902 20170717 -6.6927 318
20160902 20170723 27.2291 324
20160902 20170816 -23.3856 348
20160902 20170828 7.7007 360
20160902 20170915 61.8684 378
20160902 20170921 74.0986 384
20160902 20170927 26.1820 390
20160902 20171009 36.0816 402
20160902 20171021 75.1392 414
20160902 20171108 25.6044 432
20160902 20171214 17.5120 468
20160902 20171226 -48.1880 480
20160902 20180101 121.4341 486
20160902 20180107 10.4548 492
20160902 20180113 70.5163 498
20160902 20180119 104.4151 504
20160902 20180206 11.5996 522
20160902 20180302 88.0802 546
20160902 20180314 22.3254 558
20160902 20180320 -15.9817 564
20160902 20180326 -90.3899 570
20160902 20180401 53.7349 576
20160902 20180407 -6.2338 582
20160902 20180413 20.8882 588
20160902 20180419 -85.3399 594
20160902 20180425 -25.1968 600
20160902 20180507 -17.0419 612
20160902 20180531 -28.9293 636
20160902 20180606 -108.7199 642
20160902 20180916 -8.7710 744
20160902 20180922 16.3789 750
20160902 20180928 27.7244 756
20160902 20181010 58.3617 768
20160902 20181022 39.1013 780
20160902 20181103 21.1102 792
20160902 20181109 81.8224 798
20160902 20181115 5.1100 804
20160902 20181121 79.4471 810
20160902 20181127 20.0384 816
20160902 20190315 -45.9385 924
20160902 20190321 30.4789 930
20160902 20190327 -15.9177 936
20160902 20190402 74.2642 942
20160902 20190408 41.4212 948
20160902 20190414 11.5810 954
20160902 20190420 113.3099 960
20160902 20190426 8.1100 966
20160902 20190502 127.6975 972
20160902 20190508 9.8151 978
20160902 20190514 0.6170 984
20160902 20190619 3.4935 1020
20160902 20190713 10.6055 1044
20160902 20190719 32.1193 1050
20160902 20190725 -39.4737 1056
20160902 20190731 -17.4266 1062
20160902 20190806 -22.5648 1068
20160902 20190812 26.3710 1074
20160902 20190818 83.8529 1080
20160902 20190824 -14.1996 1086
20160902 20190830 48.3827 1092
20160902 20190905 -9.8887 1098
20160902 20190911 -16.8436 1104
20160902 20190917 -15.7971 1110
20160902 20190923 28.6962 1116
20160902 20141031 -68.2850 -672
20160902 20141218 52.5020 -624
20160902 20150111 45.5658 -600
20160902 20150123 129.6955 -588
20160902 20150216 42.9593 -564
20160902 20150228 -38.0244 -552
20160902 20150312 -76.1979 -540
20160902 20150324 -29.0007 -528
20160902 20150405 55.2843 -516
20160902 20150429 49.5920 -492
20160902 20150511 -1.6585 -480
20160902 20150523 -9.4752 -468
20160902 20150604 101.4205 -456
20160902 20150710 -109.7842 -420
20160902 20150722 11.9483 -408
20160902 20150815 41.4355 -384
20160902 20150920 -23.6427 -348
20160902 20151002 -7.6157 -336
20160902 20151014 65.2068 -324
20160902 20151107 -28.7460 -300
20160902 20151119 -17.5454 -288
20160902 20151201 60.3538 -276
20160902 20151213 142.5869 -264
20160902 20151225 101.5443 -252
20160902 20160106 26.4773 -240
20160902 20160118 -20.3901 -228
20160902 20160211 6.3455 -204
20160902 20160223 97.6319 -192
20160902 20160306 59.7788 -180
20160902 20160318 -12.5720 -168
20160902 20160330 -22.6845 -156
20160902 20160411 -1.6333 -144
20160902 20160423 65.5103 -132
20160902 20160505 22.3298 -120
20160902 20160517 -4.1291 -108
20160902 20160529 -10.9202 -96
20160902 20160610 -14.8953 -84
20160902 20160704 108.0823 -60
20160902 20160716 -5.4265 -48
20160902 20160728 -71.6102 -36
20160902 20160809 -28.0987 -24
20160902 20160821 55.6252 -12
20160902 20160827 -21.8870 -6
20160902 20161101 97.3712 60
20160902 20161107 46.7994 66
20160902 20161113 54.5284 72
20160902 20161119 -13.8070 78
20160902 20170205 6.0347 156
20160902 20170211 127.0756 162
20160902 20170223 53.1944 174
20160902 20170430 5.5933 240
20160902 20170518 9.7922 258
20160902 20170524 56.8222 264
20160902 20170611 77.3288 282
20160902 20170623 46.2097 294
20160902 20170629 -17.7342 300
20160902 20170711 27.2771 312
20160902 20170729 2.0738 330
20160902 20170804 57.6543 336
20160902 20170810 42.2531 342
20160902 20170822 -16.5753 354
20160902 20170903 10.6971 366
20160902 20170909 44.9924 372
20160902 20171003 22.4041 396
20160902 20171015 -0.5444 408
20160902 20171027 26.3579 420
20160902 20171102 89.1740 426
20160902 20171114 29.1538 438
20160902 20171120 79.3654 444
20160902 20171202 41.9522 456
20160902 20171208 19.4226 462
20160902 20180125 -43.6844 510
20160902 20180131 64.0132 516
20160902 20180212 66.5032 528
20160902 20180218 75.9784 534
20160902 20180224 -55.5090 540
20160902 20180308 -91.4753 552
20160902 20180501 69.8839 606
20160902 20180513 32.0573 618
20160902 20180519 -6.2564 624
20160902 20180525 -14.7697 630
20160902 20180612 68.1197 648
20160902 20180618 -53.8802 654
20160902 20180624 27.7790 660
20160902 20180630 92.1781 666
20160902 20180712 -1.4897 678
20160902 20180718 -32.6186 684
20160902 20180724 12.6848 690
20160902 20180730 -30.2442 696
20160902 20180805 -11.3064 702
20160902 20180811 47.9593 708
20160902 20180817 -33.7683 714
20160902 20180823 -43.2179 720
20160902 20180829 -71.2600 726
20160902 20180904 21.7445 732
20160902 20180910 32.8068 738
20160902 20181004 25.7494 762
20160902 20181016 22.9449 774
20160902 20181028 98.8617 786
20160902 20181203 59.8099 822
20160902 20181209 78.3499 828
20160902 20181215 -27.4044 834
20160902 20181221 58.1880 840
20160902 20181227 72.3624 846
20160902 20190102 35.9981 852
20160902 20190108 111.3785 858
20160902 20190114 -17.0746 864
20160902 20190120 92.9741 870
20160902 20190126 68.0592 876
20160902 20190201 99.1199 882
20160902 20190207 38.0044 888
20160902 20190213 -52.4405 894
20160902 20190219 94.7525 900
20160902 20190225 32.1111 906
20160902 20190303 105.4781 912
20160902 20190309 67.1391 918
20160902 20190520 88.9816 990
20160902 20190526 9.9475 996
20160902 20190601 61.2861 1002
20160902 20190607 -30.6188 1008
20160902 20190613 0.3206 1014
20160902 20190625 -47.4252 1026
20160902 20190701 66.9045 1032
20160902 20190707 11.3789 1038
20160902 20191005 30.3681 1128
20160902 20191011 -7.6547 1134
20160902 20191017 10.4141 1140
20160902 20191023 -3.1741 1146
20160902 20191029 50.4759 1152
20160902 20191104 -15.2032 1158
20160902 20191110 48.6965 1164
20160902 20191116 93.7947 1170
20160902 20191122 9.8851 1176
20160902 20191128 97.5508 1182
20160902 20191210 77.5485 1194
20160902 20191216 69.1467 1200
20160902 20191222 42.0802 1206
20160902 20191204 -0.0428 1188
20160902 20191228 126.6744 1212
20160902 20200103 -6.1055 1218
20160902 20200109 95.2168 1224
20160902 20200115 12.6058 1230
20160902 20200121 31.5580 1236
20160902 20200127 92.1442 1242
20160902 20200202 -1.9687 1248
20160902 20200208 151.2226 1254
20160902 20200214 -11.4599 1260
20160902 20200220 53.7859 1266
20160902 20200226 5.9982 1272
20160902 20200303 -52.3006 1278
20160902 20200309 133.4857 1284
20160902 20200315 -22.2950 1290
20160902 20200426 22.2498 1332
20160902 20200502 -2.8459 1338
20160902 20200508 -9.0752 1344
20160902 20200402 -30.2708 1308
20160902 20200408 90.8581 1314
20160902 20200414 -49.6920 1320
20160902 20200420 84.1153 1326
20160902 20200514 -112.8057 1350
20160902 20200520 47.5110 1356
20160902 20200526 -25.2270 1362
20160902 20200601 -42.1238 1368
20160902 20200607 65.0411 1374
20160902 20200613 -4.5599 1380
20160902 20200619 41.8044 1386
20160902 20200625 -2.1650 1392
20160902 20200701 -30.6056 1398
20160902 20200707 -2.2276 1404
20160902 20141007 44.1169 -696
20160902 20141019 -4.1853 -684
20160902 20200713 -42.8756 1410
20160902 20200719 49.8208 1416
20160902 20200725 7.7832 1422
20160902 20200731 86.1298 1428
20160902 20200806 54.0463 1434
20160902 20200812 -18.9764 1440
20160902 20200818 -17.6324 1446
20160902 20200824 -4.5161 1452
20160902 20200830 38.2168 1458
20160902 20200905 44.0563 1464
20160902 20200911 34.5947 1470
20160902 20200917 64.2522 1476
20160902 20200923 17.8618 1482
20160902 20200929 32.0283 1488
20160902 20201005 34.0088 1494
20160902 20201011 40.6349 1500
20160902 20201017 10.0178 1506
20160902 20201023 -14.3133 1512
20160902 20201029 18.7304 1518
20160902 20201104 71.7168 1524
20160902 20201110 23.2696 1530
20160902 20201116 87.1481 1536
20160902 20201122 24.7319 1542
20160902 20201128 10.8642 1548
20160902 20201204 94.0102 1554
20160902 20201210 3.3958 1560
20160902 20201216 131.6291 1566
20160902 20201222 8.2633 1572
20160902 20201228 72.9381 1578
20160902 20210220 -52.5194 1632
20160902 20210127 118.0514 1608
20160902 20210202 36.8589 1614
20160902 20210208 75.7158 1620
20160902 20210214 130.5850 1626
20160902 20210226 90.0949 1638
20160902 20210304 -69.8495 1644
20160902 20210310 32.5886 1650
20160902 20210316 -6.1349 1656
20160902 20210322 -78.6126 1662
20160902 20210328 66.8235 1668
20160902 20210403 -85.0519 1674
20160902 20210409 22.1041 1680
20160902 20210415 -50.4342 1686
20160902 20210421 -48.1216 1692
20160902 20210427 74.1806 1698
20160902 20210503 -68.9296 1704
20160902 20210509 82.2782 1710
20160902 20210515 19.6966 1716
20160902 20210521 -10.0702 1722
20160902 20210527 74.5236 1728
20160902 20210602 13.8074 1734
20160902 20210608 49.9314 1740
20160902 20210614 26.8717 1746
20160902 20210620 14.6146 1752
20160902 20210626 38.9271 1758
20160902 20210702 -10.0067 1764
20160902 20210708 -10.9660 1770
20160902 20210714 9.6738 1776
20160902 20210720 -25.1385 1782
20160902 20210726 -60.2728 1788
20160902 20210801 -17.0455 1794
20160902 20210807 56.8652 1800
20160902 20210813 8.4014 1806
20160902 20210819 38.4801 1812
20160902 20210825 47.9316 1818
20160902 20210103 66.0134 1584
20160902 20210109 -8.0626 1590
20160902 20210115 99.1240 1596
20160902 20210121 -28.8263 1602
20160902 20210831 -52.2044 1824
20160902 20210906 4.4468 1830
20160902 20210912 -0.2179 1836
20160902 20200321 77.4028 1296
20160902 20210918 10.6734 1842
20160902 20210924 45.9666 1848
20160902 20210930 -4.4702 1854
20160902 20211006 50.2419 1860
20160902 20211012 3.3219 1866
20160902 20211018 58.7675 1872
20160902 20211024 108.5851 1878
20160902 20211030 24.9111 1884
20160902 20211105 56.7184 1890
20160902 20211111 -13.4584 1896
20160902 20211117 95.2212 1902
20160902 20211123 120.9506 1908
20160902 20211129 50.8483 1914
20160902 20211205 101.3200 1920
20160902 20211211 36.9467 1926
20160902 20211217 93.8880 1932
20160902 20211223 7.6191 1938
