# Size: 50861(281x181), n_valid: 41580
# unw_cov_thre: 0.3, coh_thre: 0.05
# ifg dates         bperp   dt unw_cov  coh_av
20141007_20141019   -48.3   12   0.048   0.300 *
20141019_20141031   -64.1   12   0.015   0.044 *
20141031_20141218   120.8   48   0.962   0.331 
20141031_20150111   113.9   72   0.958   0.338 
20141218_20150111    -6.9   24   0.990   0.468 
20141218_20150123    77.2   36   0.977   0.429 
20141218_20150216    -9.5   60   0.978   0.397 
20150111_20150123    84.1   12   0.984   0.435 
20150111_20150216    -2.6   36   0.969   0.398 
20150111_20150228   -83.6   48   0.982   0.395 
20150123_20150216   -86.7   24   0.966   0.452 
20150123_20150228  -167.7   36   0.971   0.389 
20150123_20150312  -205.9   48   0.947   0.335 
20150216_20150228   -81.0   12   0.985   0.475 
20150216_20150312  -119.2   24   0.957   0.401 
20150216_20150324   -72.0   36   0.964   0.384 
20150228_20150312   -38.2   12   0.981   0.487 
20150228_20150324     9.0   24   0.991   0.464 
20150228_20150405    93.3   36   0.970   0.387 
20150312_20150324    47.2   12   0.980   0.484 
20150312_20150405   131.5   24   0.953   0.370 
20150324_20150405    84.3   12   0.991   0.425 
20150324_20150429    78.6   36   0.981   0.360 
20150405_20150429    -5.7   24   0.989   0.405 
20150405_20150511   -56.9   36   0.974   0.338 
20150429_20150511   -51.3   12   0.981   0.376 
20150429_20150523   -59.1   24   0.978   0.360 
20150429_20150604    51.8   36   0.965   0.331 
20150511_20150523    -7.8   12   0.976   0.350 
20150511_20150604   103.1   24   0.959   0.361 
20150511_20150710  -108.1   60   0.967   0.343 
20150523_20150604   110.9   12   0.951   0.327 
20150523_20150710  -100.3   48   0.958   0.302 
20150523_20150722    21.4   60   0.959   0.300 
20150604_20150710  -211.2   36   0.947   0.311 
20150604_20150722   -89.5   48   0.966   0.360 
20150604_20150815   -60.0   72   0.955   0.344 
20150710_20150722   121.7   12   0.974   0.399 
20150710_20150815   151.2   36   0.949   0.322 
20150722_20150815    29.5   24   0.978   0.389 
20150722_20150920   -35.6   60   0.960   0.333 
20150815_20150920   -65.1   36   0.966   0.348 
20150815_20151002   -49.1   48   0.961   0.305 
20150920_20151002    16.0   12   0.977   0.388 
20150920_20151014    88.8   24   0.962   0.340 
20151002_20151014    72.8   12   0.976   0.358 
20151002_20151107   -21.1   36   0.974   0.343 
20151014_20151107   -94.0   24   0.960   0.355 
20151014_20151119   -82.8   36   0.965   0.344 
20151107_20151119    11.2   12   0.987   0.495 
20151107_20151201    89.1   24   0.977   0.399 
20151107_20151213   171.3   36   0.962   0.359 
20151119_20151201    77.9   12   0.977   0.426 
20151119_20151213   160.1   24   0.969   0.384 
20151119_20151225   119.1   36   0.977   0.392 
20151201_20151213    82.2   12   0.976   0.511 
20151201_20151225    41.2   24   0.984   0.465 
20151201_20160106   -33.9   36   0.987   0.433 
20151213_20151225   -41.0   12   0.995   0.538 
20151213_20160106  -116.1   24   0.968   0.417 
20151213_20160118  -163.0   36   0.959   0.403 
20151225_20160106   -75.1   12   0.973   0.453 
20151225_20160118  -121.9   24   0.980   0.417 
20160106_20160118   -46.9   12   0.971   0.451 
20160106_20160211   -20.1   36   0.978   0.417 
20160118_20160211    26.7   24   0.967   0.396 
20160118_20160223   118.0   36   0.967   0.398 
20160211_20160223    91.3   12   0.973   0.406 
20160211_20160306    53.4   24   0.978   0.411 
20160211_20160318   -18.9   36   0.973   0.405 
20160223_20160306   -37.9   12   0.973   0.397 
20160223_20160318  -110.2   24   0.972   0.370 
20160223_20160330  -120.3   36   0.975   0.376 
20160306_20160318   -72.4   12   0.976   0.479 
20160306_20160330   -82.5   24   0.973   0.385 
20160306_20160411   -61.4   36   0.975   0.357 
20160318_20160330   -10.1   12   0.979   0.452 
20160318_20160411    10.9   24   0.988   0.392 
20160318_20160423    78.1   36   0.049   0.030 *
20160330_20160411    21.1   12   0.987   0.446 
20160330_20160423    88.2   24   0.048   0.030 *
20160330_20160505    45.0   36   0.984   0.375 
20160411_20160423    67.1   12   0.051   0.030 *
20160411_20160505    24.0   24   0.981   0.393 
20160411_20160517    -2.5   36   0.969   0.372 
20160423_20160505   -43.2   12   0.046   0.030 *
20160423_20160517   -69.6   24   0.047   0.029 *
20160423_20160529   -76.4   36   0.043   0.029 *
20160505_20160517   -26.5   12   0.987   0.422 
20160505_20160529   -33.2   24   0.977   0.370 
20160505_20160610   -37.2   36   0.967   0.353 
20160517_20160529    -6.8   12   0.972   0.395 
20160517_20160610   -10.8   24   0.967   0.365 
20160517_20160704   112.2   48   0.950   0.305 
20160529_20160610    -4.0   12   0.969   0.376 
20160529_20160704   119.0   36   0.955   0.340 
20160529_20160716     5.5   48   0.947   0.349 
20160610_20160704   123.0   24   0.969   0.323 
20160610_20160716     9.5   36   0.957   0.361 
20160610_20160728   -56.7   48   0.967   0.337 
20160704_20160716  -113.5   12   0.960   0.360 
20160704_20160728  -179.7   24   0.960   0.323 
20160704_20160809  -136.2   36   0.970   0.357 
20160716_20160728   -66.2   12   0.979   0.399 
20160716_20160809   -22.7   24   0.957   0.378 
20160716_20160821    61.1   36   0.956   0.347 
20160728_20160809    43.5   12   0.981   0.417 
20160728_20160821   127.2   24   0.973   0.363 
20160728_20160827    49.7   30   0.000     nan *
20160809_20160821    83.7   12   0.976   0.436 
20160809_20160827     6.2   18   0.000     nan *
20160821_20160827   -77.5    6   0.000     nan *
20160821_20160914   -40.5   24   0.978   0.391 
20160827_20160914    37.1   18   0.000     nan *
20160827_20160926    78.0   30   0.000     nan *
20160902_20160914    15.2   12   0.900   0.496 
20160902_20160926    56.1   24   0.898   0.426 
20160902_20161002    93.1   30   0.885   0.318 
20160914_20160926    41.0   12   0.899   0.468 
20160914_20161002    77.9   18   0.890   0.343 
20160914_20161008    14.3   24   0.898   0.419 
20160926_20161002    36.9    6   0.893   0.374 
20160926_20161008   -26.7   12   0.895   0.465 
20160926_20161014    -8.1   18   0.898   0.460 
20161002_20161008   -63.6    6   0.894   0.383 
20161002_20161014   -45.0   12   0.893   0.361 
20161002_20161020  -117.5   18   0.894   0.374 
20161008_20161014    18.6    6   0.900   0.567 
20161008_20161020   -53.9   12   0.898   0.457 
20161008_20161026   -12.2   18   0.899   0.458 
20161014_20161020   -72.5    6   0.898   0.453 
20161014_20161026   -30.7   12   0.899   0.487 
20161014_20161101    49.3   18   0.956   0.409 
20161014_20161201    57.3   48   0.959   0.382 
20161020_20161026    41.8    6   0.898   0.494 
20161020_20161101   121.8   12   0.962   0.365 
20161020_20161107    71.2   18   0.957   0.406 
20161020_20161201   129.8   42   0.950   0.337 
20161020_20161207    54.9   48   0.957   0.353 
20161026_20161101    80.1    6   0.976   0.433 
20161026_20161107    29.5   12   0.976   0.412 
20161026_20161113    37.2   18   0.973   0.405 
20161101_20161107   -50.6    6   0.961   0.438 
20161101_20161113   -42.8   12   0.961   0.422 
20161101_20161119  -111.2   18   0.955   0.393 
20161107_20161113     7.7    6   0.964   0.462 
20161107_20161119   -60.6   12   0.955   0.440 
20161107_20161201    58.5   24   0.967   0.399 
20161113_20161119   -68.3    6   0.960   0.511 
20161113_20161201    50.8   18   0.964   0.443 
20161113_20161207   -24.0   24   0.966   0.439 
20161119_20161201   119.1   12   0.958   0.437 
20161119_20161207    44.3   18   0.955   0.441 
20161119_20161213   131.7   24   0.954   0.407 
20161201_20161207   -74.8    6   0.960   0.528 
20161201_20161213    12.6   12   0.990   0.548 
20161201_20161219   -54.0   18   0.964   0.506 
20161201_20161225   -30.5   24   0.987   0.493 
20161207_20161213    87.4    6   0.960   0.543 
20161207_20161219    20.8   12   0.968   0.506 
20161207_20161225    44.3   18   0.975   0.484 
20161213_20161219   -66.6    6   0.964   0.544 
20161213_20161225   -43.0   12   0.983   0.539 
20161213_20161231    31.6   18   0.958   0.495 
20161219_20161225    23.6    6   0.979   0.567 
20161219_20161231    98.2   12   0.966   0.524 
20161219_20170112    66.2   24   0.976   0.463 
20161225_20161231    74.6    6   0.973   0.527 
20161225_20170112    42.6   18   0.980   0.464 
20161225_20170301   -93.1   66   0.948   0.375 
20161231_20170112   -32.0   12   0.982   0.514 
20161231_20170118  -165.5   18   0.948   0.372 
20161231_20170124  -124.5   24   0.957   0.374 
20161231_20170301  -167.7   60   0.946   0.355 
20170112_20170118  -133.5    6   0.959   0.393 
20170112_20170124   -92.5   12   0.977   0.388 
20170112_20170130   -63.2   18   0.968   0.480 
20170112_20170301  -135.7   48   0.953   0.370 
20170118_20170124    41.0    6   0.980   0.579 
20170118_20170130    70.3   12   0.980   0.492 
20170118_20170205    22.1   18   0.958   0.471 
20170118_20170301    -2.2   42   0.951   0.394 
20170124_20170130    29.3    6   0.970   0.487 
20170124_20170205   -18.9   12   0.968   0.486 
20170124_20170211   102.1   18   0.963   0.442 
20170124_20170301   -43.3   36   0.954   0.409 
20170124_20170307   -91.7   42   0.958   0.403 
20170130_20170205   -48.2    6   0.971   0.569 
20170130_20170211    72.8   12   0.977   0.528 
20170130_20170223    -1.1   24   0.990   0.511 
20170130_20170301   -72.5   30   0.955   0.429 
20170130_20170307  -121.0   36   0.947   0.349 
20170130_20170313    36.5   42   0.967   0.435 
20170205_20170211   121.0    6   0.961   0.530 
20170205_20170223    47.2   18   0.968   0.506 
20170205_20170301   -24.3   24   0.970   0.476 
20170211_20170223   -73.9   12   0.985   0.554 
20170211_20170301  -145.4   18   0.952   0.440 
20170211_20170307  -193.8   24   0.944   0.343 
20170223_20170301   -71.5    6   0.957   0.536 
20170223_20170307  -119.9   12   0.955   0.385 
20170223_20170313    37.6   18   0.968   0.483 
20170301_20170307   -48.4    6   0.946   0.434 
20170301_20170313   109.0   12   0.955   0.447 
20170301_20170319   -26.4   18   0.954   0.432 
20170307_20170313   157.5    6   0.948   0.402 
20170307_20170319    22.0   12   0.957   0.410 
20170307_20170325    91.3   18   0.951   0.362 
20170313_20170319  -135.4    6   0.964   0.496 
20170313_20170325   -66.2   12   0.984   0.486 
20170313_20170331   -76.2   18   0.970   0.438 
20170319_20170325    69.3    6   0.972   0.528 
20170319_20170331    59.2   12   0.970   0.461 
20170319_20170406    13.9   18   0.970   0.442 
20170325_20170331   -10.1    6   0.994   0.532 
20170325_20170406   -55.4   12   0.983   0.463 
20170325_20170412    16.0   18   0.984   0.433 
20170331_20170406   -45.3    6   0.986   0.502 
20170331_20170412    26.0   12   0.986   0.463 
20170406_20170412    71.3    6   0.970   0.476 
20170406_20170424   123.9   18   0.965   0.399 
20170412_20170424    52.5   12   0.986   0.463 
20170412_20170430   -35.0   18   0.966   0.416 
20170412_20170506     8.5   24   0.989   0.423 
20170418_20170430    24.3   12   0.976   0.438 
20170424_20170430   -87.5    6   0.968   0.451 
20170424_20170506   -44.0   12   0.984   0.457 
20170424_20170512     0.8   18   0.988   0.426 
20170430_20170506    43.5    6   0.973   0.468 
20170430_20170512    88.4   12   0.962   0.401 
20170430_20170518     4.2   18   0.985   0.416 
20170506_20170512    44.9    6   0.976   0.462 
20170506_20170518   -39.3   12   0.988   0.447 
20170506_20170524     7.7   18   0.990   0.423 
20170512_20170518   -84.2    6   0.980   0.458 
20170512_20170524   -37.1   12   0.983   0.443 
20170512_20170723   -66.7   72   0.972   0.367 
20170518_20170524    47.0    6   0.983   0.468 
20170518_20170530  -111.8   12   0.984   0.432 
20170524_20170530  -158.8    6   0.978   0.437 
20170524_20170605   -19.9   12   0.987   0.455 
20170530_20170605   138.9    6   0.977   0.443 
20170530_20170611   179.3   12   0.972   0.395 
20170605_20170611    40.4    6   0.982   0.486 
20170605_20170617   -63.9   12   0.989   0.443 
20170605_20170705   -67.2   30   0.975   0.392 
20170611_20170617  -104.3    6   0.981   0.459 
20170611_20170623   -31.1   12   0.988   0.446 
20170617_20170623    73.2    6   0.980   0.459 
20170617_20170629     9.2   12   0.976   0.423 
20170617_20170705    -3.3   18   0.973   0.426 
20170623_20170629   -63.9    6   0.972   0.452 
20170623_20170705   -76.5   12   0.979   0.437 
20170629_20170705   -12.6    6   0.967   0.457 
20170629_20170711    45.0   12   0.975   0.433 
20170705_20170711    57.6    6   0.976   0.508 
20170705_20170717    23.6   12   0.978   0.470 
20170711_20170717   -34.0    6   0.967   0.479 
20170711_20170723    -0.0   12   0.984   0.483 
20170717_20170729     8.8   12   0.982   0.447 
20170717_20170804    64.3   18   0.952   0.402 
20170723_20170729   -25.2    6   0.987   0.496 
20170723_20170804    30.4   12   0.972   0.460 
20170723_20170810    15.0   18   0.000     nan *
20170723_20170816   -50.6   24   0.972   0.446 
20170723_20170828   -19.5   36   0.978   0.436 
20170723_20170921    46.9   60   0.977   0.364 
20170729_20170804    55.6    6   0.981   0.500 
20170729_20170810    40.2   12   0.000     nan *
20170729_20170816   -25.5   18   0.969   0.465 
20170804_20170810   -15.4    6   0.000     nan *
20170804_20170816   -81.0   12   0.982   0.458 
20170804_20170822   -74.2   18   0.956   0.422 
20170810_20170816   -65.6    6   0.000     nan *
20170810_20170822   -58.8   12   0.000     nan *
20170810_20170828   -34.6   18   0.000     nan *
20170816_20170822     6.8    6   0.971   0.541 
20170816_20170828    31.1   12   0.981   0.503 
20170816_20170903    34.1   18   0.973   0.437 
20170816_20170927    49.6   42   0.960   0.391 
20170822_20170828    24.3    6   0.964   0.507 
20170822_20170903    27.3   12   0.962   0.435 
20170822_20170909    61.6   18   0.947   0.403 
20170828_20170903     3.0    6   0.965   0.461 
20170828_20170909    37.3   12   0.968   0.440 
20170828_20170915    54.2   18   0.971   0.377 
20170828_20170921    66.4   24   0.976   0.386 
20170828_20170927    18.5   30   0.956   0.392 
20170903_20170909    34.3    6   0.957   0.466 
20170903_20170915    51.2   12   0.974   0.412 
20170903_20170921    63.4   18   0.949   0.400 
20170909_20170915    16.9    6   0.971   0.438 
20170909_20170921    29.1   12   0.966   0.431 
20170909_20170927   -18.8   18   0.957   0.409 
20170915_20170921    12.2    6   0.988   0.509 
20170915_20170927   -35.7   12   0.983   0.450 
20170915_20171003   -39.5   18   0.046   0.030 *
20170915_20171021    13.3   36   0.978   0.388 
20170921_20170927   -47.9    6   0.967   0.516 
20170921_20171003   -51.7   12   0.041   0.029 *
20170921_20171009   -38.0   18   0.969   0.450 
20170921_20171021     1.0   30   0.979   0.407 
20170927_20171003    -3.8    6   0.049   0.030 *
20170927_20171009     9.9   12   0.984   0.480 
20170927_20171015   -26.7   18   0.961   0.435 
20170927_20171021    49.0   24   0.970   0.412 
20170927_20171108    -0.6   42   0.954   0.336 
20171003_20171009    13.7    6   0.045   0.029 *
20171003_20171015   -22.9   12   0.041   0.029 *
20171003_20171021    52.7   18   0.045   0.029 *
20171009_20171015   -36.6    6   0.983   0.512 
20171009_20171021    39.1   12   0.982   0.461 
20171009_20171027    -9.7   18   0.989   0.448 
20171009_20171108   -10.5   30   0.972   0.351 
20171009_20171214   -18.6   66   0.944   0.327 
20171015_20171021    75.7    6   0.978   0.515 
20171015_20171027    26.9   12   0.988   0.458 
20171015_20171102    89.7   18   0.961   0.431 
20171021_20171027   -48.8    6   0.976   0.476 
20171021_20171102    14.0   12   0.982   0.460 
20171021_20171108   -49.5   18   0.961   0.361 
20171021_20171214   -57.6   54   0.944   0.332 
20171021_20171226  -123.3   66   0.949   0.328 
20171027_20171102    62.8    6   0.975   0.519 
20171027_20171108    -0.8   12   0.983   0.387 
20171027_20171114     2.8   18   0.958   0.376 
20171102_20171108   -63.6    6   0.956   0.387 
20171102_20171114   -60.0   12   0.951   0.378 
20171102_20171120    -9.8   18   0.964   0.419 
20171108_20171114     3.5    6   0.971   0.532 
20171108_20171120    53.8   12   0.967   0.458 
20171108_20171214    -8.1   36   0.960   0.429 
20171108_20171226   -73.8   48   0.970   0.368 
20171108_20180101    95.8   54   0.953   0.376 
20171114_20171120    50.2    6   0.959   0.498 
20171114_20171202    12.8   18   0.956   0.464 
20171120_20171202   -37.4   12   0.970   0.491 
20171120_20171208   -59.9   18   0.971   0.481 
20171202_20171208   -22.5    6   0.978   0.581 
20171202_20171214   -24.4   12   0.980   0.493 
20171208_20171214    -1.9    6   0.972   0.494 
20171208_20171226   -67.6   18   0.963   0.473 
20171214_20171226   -65.7   12   0.971   0.451 
20171214_20180101   103.9   18   0.950   0.437 
20171214_20180107    -7.1   24   0.975   0.460 
20171226_20180101   169.6    6   0.949   0.440 
20171226_20180107    58.6   12   0.979   0.488 
20171226_20180113   118.7   18   0.957   0.430 
20180101_20180107  -111.0    6   0.954   0.536 
20180101_20180113   -50.9   12   0.968   0.530 
20180101_20180119   -17.0   18   0.958   0.497 
20180107_20180113    60.1    6   0.962   0.532 
20180107_20180119    94.0   12   0.959   0.491 
20180107_20180125   -54.1   18   0.961   0.482 
20180107_20180206     1.1   30   0.955   0.428 
20180113_20180119    33.9    6   0.960   0.545 
20180113_20180125  -114.2   12   0.969   0.498 
20180113_20180131    -6.5   18   0.963   0.484 
20180113_20180206   -58.9   24   0.965   0.449 
20180113_20180302    17.6   48   0.973   0.448 
20180119_20180125  -148.1    6   0.953   0.493 
20180119_20180131   -40.4   12   0.974   0.516 
20180119_20180206   -92.8   18   0.949   0.441 
20180119_20180302   -16.3   42   0.946   0.440 
20180119_20180314   -82.1   54   0.945   0.399 
20180125_20180131   107.7    6   0.978   0.563 
20180125_20180206    55.3   12   0.970   0.459 
20180125_20180212   110.2   18   0.048   0.030 *
20180131_20180206   -52.4    6   0.966   0.469 
20180131_20180212     2.5   12   0.042   0.029 *
20180131_20180218    12.0   18   0.981   0.492 
20180206_20180212    54.9    6   0.044   0.029 *
20180206_20180218    64.4   12   0.974   0.447 
20180206_20180224   -67.1   18   0.964   0.455 
20180206_20180302    76.5   24   0.967   0.438 
20180206_20180314    10.7   36   0.974   0.409 
20180206_20180320   -27.6   42   0.968   0.429 
20180212_20180224  -122.0   12   0.044   0.029 *
20180212_20180302    21.6   18   0.050   0.030 *
20180218_20180302    12.1   12   0.978   0.515 
20180218_20180308  -167.5   18   0.951   0.393 
20180224_20180308   -36.0   12   0.983   0.527 
20180224_20180314    77.8   18   0.958   0.413 
20180302_20180314   -65.8   12   0.970   0.490 
20180302_20180320  -104.1   18   0.957   0.451 
20180302_20180326  -178.5   24   0.951   0.398 
20180308_20180320    75.5   12   0.979   0.508 
20180308_20180326     1.1   18   0.954   0.437 
20180314_20180320   -38.3    6   0.973   0.490 
20180314_20180326  -112.7   12   0.971   0.472 
20180314_20180401    31.4   18   0.956   0.422 
20180320_20180326   -74.4    6   0.962   0.475 
20180320_20180401    69.7   12   0.956   0.458 
20180320_20180407     9.7   18   0.968   0.407 
20180326_20180401   144.1    6   0.950   0.410 
20180326_20180407    84.2   12   0.979   0.449 
20180326_20180413   111.3   18   0.953   0.381 
20180401_20180407   -60.0    6   0.959   0.443 
20180401_20180413   -32.8   12   0.954   0.411 
20180401_20180419  -139.1   18   0.946   0.348 
20180407_20180413    27.1    6   0.970   0.475 
20180407_20180419   -79.1   12   0.982   0.428 
20180407_20180425   -19.0   18   0.980   0.401 
20180413_20180419  -106.2    6   0.967   0.439 
20180413_20180425   -46.1   12   0.976   0.423 
20180413_20180501    49.0   18   0.956   0.382 
20180413_20180507   -37.9   24   0.966   0.387 
20180419_20180425    60.1    6   0.979   0.454 
20180419_20180501   155.2   12   0.963   0.381 
20180419_20180507    68.3   18   0.973   0.384 
20180425_20180507     8.2   12   0.974   0.410 
20180425_20180513    57.3   18   0.970   0.368 
20180501_20180513   -37.8   12   0.986   0.380 
20180501_20180519   -76.1   18   0.966   0.364 
20180507_20180513    49.1    6   0.980   0.429 
20180507_20180519    10.8   12   0.979   0.420 
20180507_20180525     2.3   18   0.985   0.391 
20180513_20180519   -38.3    6   0.978   0.442 
20180513_20180525   -46.8   12   0.988   0.400 
20180513_20180531   -61.0   18   0.964   0.357 
20180519_20180525    -8.5    6   0.988   0.450 
20180519_20180531   -22.7   12   0.969   0.390 
20180519_20180606  -102.5   18   0.965   0.358 
20180525_20180531   -14.2    6   0.977   0.418 
20180525_20180606   -94.0   12   0.976   0.369 
20180525_20180612    82.9   18   0.977   0.354 
20180531_20180606   -79.8    6   0.962   0.416 
20180531_20180612    97.0   12   0.963   0.380 
20180531_20180618   -25.0   18   0.970   0.380 
20180606_20180612   176.8    6   0.962   0.385 
20180606_20180618    54.8   12   0.972   0.396 
20180606_20180624   136.5   18   0.045   0.030 *
20180612_20180618  -122.0    6   0.970   0.403 
20180612_20180624   -40.3   12   0.050   0.029 *
20180612_20180630    24.1   18   0.985   0.404 
20180618_20180624    81.7    6   0.045   0.030 *
20180618_20180630   146.1   12   0.972   0.368 
20180618_20180712    52.4   24   0.979   0.375 
20180624_20180630    64.4    6   0.047   0.030 *
20180624_20180712   -29.3   18   0.046   0.030 *
20180624_20180718   -60.4   24   0.044   0.029 *
20180630_20180712   -93.7   12   0.981   0.413 
20180630_20180718  -124.8   18   0.965   0.380 
20180630_20180724   -79.5   24   0.970   0.371 
20180712_20180718   -31.1    6   0.981   0.469 
20180712_20180724    14.2   12   0.978   0.412 
20180712_20180730   -28.8   18   0.977   0.416 
20180718_20180724    45.3    6   0.969   0.439 
20180718_20180730     2.4   12   0.986   0.440 
20180718_20180805    21.3   18   0.976   0.386 
20180724_20180730   -42.9    6   0.976   0.451 
20180724_20180805   -24.0   12   0.987   0.426 
20180724_20180811    35.3   18   0.958   0.385 
20180730_20180805    18.9    6   0.983   0.426 
20180730_20180811    78.2   12   0.974   0.424 
20180730_20180817    -3.5   18   0.974   0.372 
20180805_20180811    59.3    6   0.975   0.439 
20180805_20180817   -22.5   12   0.988   0.429 
20180805_20180823   -31.9   18   0.970   0.398 
20180811_20180817   -81.7    6   0.969   0.396 
20180811_20180823   -91.2   12   0.966   0.374 
20180811_20180829  -119.2   18   0.957   0.369 
20180817_20180823    -9.4    6   0.985   0.459 
20180817_20180829   -37.5   12   0.981   0.409 
20180817_20180904    55.5   18   0.978   0.385 
20180823_20180829   -28.0    6   0.978   0.463 
20180823_20180904    65.0   12   0.979   0.406 
20180823_20180910    76.0   18   0.965   0.371 
20180829_20180904    93.0    6   0.980   0.433 
20180829_20180910   104.1   12   0.981   0.400 
20180829_20180916    62.5   18   0.970   0.394 
20180904_20180910    11.1    6   0.981   0.484 
20180904_20180916   -30.5   12   0.975   0.429 
20180904_20180922    -5.4   18   0.979   0.421 
20180910_20180916   -41.6    6   0.984   0.485 
20180910_20180922   -16.4   12   0.991   0.453 
20180910_20180928    -5.1   18   0.967   0.386 
20180916_20180922    25.1    6   0.990   0.510 
20180916_20180928    36.5   12   0.981   0.420 
20180916_20181004    34.5   18   0.954   0.365 
20180916_20181010    67.1   24   0.976   0.364 
20180922_20180928    11.3    6   0.977   0.446 
20180922_20181004     9.4   12   0.965   0.385 
20180922_20181010    42.0   18   0.968   0.376 
20180922_20181022    22.7   30   0.951   0.353 
20180928_20181004    -2.0    6   0.959   0.414 
20180928_20181010    30.6   12   0.974   0.385 
20180928_20181016    -4.8   18   0.967   0.403 
20180928_20181022    11.4   24   0.954   0.364 
20180928_20181103    -6.6   36   0.010   0.026 *
20181004_20181010    32.6    6   0.956   0.446 
20181004_20181016    -2.8   12   0.967   0.438 
20181004_20181022    13.4   18   0.948   0.385 
20181010_20181016   -35.4    6   0.971   0.507 
20181010_20181022   -19.3   12   0.972   0.426 
20181010_20181028    40.5   18   0.958   0.407 
20181010_20181103   -37.3   24   0.009   0.025 *
20181010_20181109    23.5   30   0.967   0.369 
20181016_20181022    16.2    6   0.961   0.453 
20181016_20181028    75.9   12   0.956   0.424 
20181016_20181103    -1.8   18   0.011   0.026 *
20181022_20181028    59.8    6   0.950   0.419 
20181022_20181103   -18.0   12   0.008   0.026 *
20181022_20181109    42.7   18   0.955   0.376 
20181022_20181115   -34.0   24   0.971   0.373 
20181028_20181103   -77.8    6   0.009   0.026 *
20181028_20181109   -17.0   12   0.951   0.376 
20181028_20181115   -93.8   18   0.946   0.360 
20181103_20181109    60.7    6   0.009   0.026 *
20181103_20181115   -16.0   12   0.010   0.027 *
20181103_20181121    58.3   18   0.008   0.027 *
20181109_20181115   -76.7    6   0.976   0.518 
20181109_20181121    -2.4   12   0.976   0.444 
20181109_20181127   -61.8   18   0.954   0.390 
20181115_20181121    74.3    6   0.970   0.429 
20181115_20181127    14.9   12   0.958   0.398 
20181115_20181203    54.7   18   0.972   0.430 
20181121_20181127   -59.4    6   0.956   0.483 
20181121_20181203   -19.6   12   0.984   0.479 
20181121_20181209    -1.1   18   0.969   0.435 
20181127_20181203    39.8    6   0.960   0.467 
20181127_20181209    58.3   12   0.965   0.428 
20181127_20181215   -47.4   18   0.959   0.443 
20181203_20181209    18.5    6   0.980   0.523 
20181203_20181215   -87.2   12   0.970   0.480 
20181203_20181221    -1.6   18   0.976   0.478 
20181209_20181215  -105.8    6   0.960   0.490 
20181209_20181221   -20.2   12   0.990   0.502 
20181209_20181227    -6.0   18   0.964   0.502 
20181215_20181221    85.6    6   0.965   0.529 
20181215_20181227    99.8   12   0.967   0.474 
20181215_20190102    63.4   18   0.955   0.446 
20181221_20181227    14.2    6   0.966   0.513 
20181221_20190102   -22.2   12   0.986   0.480 
20181221_20190108    53.2   18   0.960   0.440 
20181227_20190102   -36.4    6   0.967   0.596 
20181227_20190108    39.0   12   0.986   0.557 
20181227_20190114   -89.4   18   0.962   0.486 
20190102_20190108    75.4    6   0.968   0.581 
20190102_20190114   -53.1   12   0.975   0.542 
20190102_20190120    57.0   18   0.968   0.442 
20190108_20190114  -128.5    6   0.965   0.524 
20190108_20190120   -18.4   12   0.984   0.476 
20190108_20190126   -43.3   18   0.963   0.459 
20190114_20190120   110.0    6   0.962   0.464 
20190114_20190126    85.1   12   0.970   0.470 
20190114_20190201   116.2   18   0.948   0.374 
20190120_20190126   -24.9    6   0.964   0.531 
20190120_20190201     6.1   12   0.975   0.491 
20190120_20190207   -55.0   18   0.960   0.448 
20190126_20190201    31.1    6   0.960   0.505 
20190126_20190207   -30.1   12   0.979   0.547 
20190126_20190213  -120.5   18   0.954   0.458 
20190201_20190207   -61.1    6   0.955   0.463 
20190201_20190213  -151.6   12   0.941   0.401 
20190201_20190219    -4.4   18   0.050   0.029 *
20190207_20190213   -90.4    6   0.960   0.540 
20190207_20190219    56.7   12   0.038   0.028 *
20190207_20190225    -5.9   18   0.957   0.459 
20190213_20190219   147.2    6   0.043   0.029 *
20190213_20190225    84.6   12   0.955   0.476 
20190213_20190303   157.9   18   0.957   0.409 
20190219_20190225   -62.6    6   0.044   0.029 *
20190219_20190303    10.7   12   0.044   0.029 *
20190219_20190309   -27.6   18   0.044   0.029 *
20190225_20190303    73.4    6   0.961   0.534 
20190225_20190309    35.0   12   0.966   0.496 
20190225_20190315   -78.0   18   0.009   1.000 *
20190303_20190309   -38.3    6   0.982   0.583 
20190303_20190315  -151.4   12   0.011   1.000 *
20190303_20190321   -75.0   18   0.966   0.449 
20190309_20190315  -113.1    6   0.010   1.000 *
20190309_20190321   -36.7   12   0.981   0.474 
20190309_20190327   -83.1   18   0.000     nan *
20190315_20190321    76.4    6   0.010   1.000 *
20190315_20190327    30.0   12   0.000   1.000 *
20190315_20190402   120.2   18   0.009   1.000 *
20190315_20190502   173.6   48   0.010   1.000 *
20190315_20190508    55.8   54   0.009   1.000 *
20190321_20190327   -46.4    6   0.000     nan *
20190321_20190402    43.8   12   0.980   0.457 
20190321_20190408    10.9   18   0.974   0.448 
20190327_20190402    90.2    6   0.000     nan *
20190327_20190408    57.3   12   0.000     nan *
20190327_20190414    27.5   18   0.000     nan *
20190327_20190426    24.0   30   0.000     nan *
20190327_20190502   143.6   36   0.000     nan *
20190327_20190508    25.7   42   0.000     nan *
20190327_20190514    16.5   48   0.000   1.000 *
20190402_20190408   -32.8    6   0.986   0.496 
20190402_20190414   -62.7   12   0.988   0.416 
20190402_20190420    39.0   18   0.980   0.441 
20190408_20190414   -29.8    6   0.983   0.479 
20190408_20190420    71.9   12   0.983   0.439 
20190408_20190426   -33.3   18   0.977   0.418 
20190414_20190420   101.7    6   0.978   0.440 
20190414_20190426    -3.5   12   0.992   0.423 
20190414_20190502   116.1   18   0.979   0.377 
20190420_20190426  -105.2    6   0.975   0.473 
20190420_20190502    14.4   12   0.977   0.443 
20190420_20190508  -103.5   18   0.973   0.390 
20190426_20190502   119.6    6   0.977   0.447 
20190426_20190508     1.7   12   0.986   0.423 
20190426_20190514    -7.5   18   0.009   1.000 *
20190502_20190508  -117.9    6   0.971   0.430 
20190502_20190514  -127.1   12   0.009   1.000 *
20190502_20190520   -38.7   18   0.967   0.385 
20190502_20190619  -124.2   48   0.014   1.000 *
20190508_20190514    -9.2    6   0.010   1.000 *
20190508_20190520    79.2   12   0.975   0.393 
20190508_20190526     0.1   18   0.964   0.361 
20190508_20190619    -6.3   42   0.012   1.000 *
20190514_20190520    88.4    6   0.009   1.000 *
20190514_20190526     9.3   12   0.009   1.000 *
20190514_20190601    60.7   18   0.009   1.000 *
20190514_20190619     2.9   36   0.009   1.000 *
20190520_20190526   -79.0    6   0.953   0.371 
20190520_20190601   -27.7   12   0.973   0.392 
20190520_20190607  -119.6   18   0.953   0.355 
20190526_20190601    51.3    6   0.970   0.397 
20190526_20190607   -40.6   12   0.981   0.361 
20190526_20190613    -9.6   18   0.963   0.338 
20190601_20190607   -91.9    6   0.979   0.427 
20190601_20190613   -61.0   12   0.982   0.377 
20190601_20190619   -57.8   18   0.011   1.000 *
20190607_20190613    30.9    6   0.981   0.411 
20190607_20190619    34.1   12   0.011   1.000 *
20190607_20190625   -16.8   18   0.971   0.375 
20190613_20190619     3.2    6   0.011   1.000 *
20190613_20190625   -47.7   12   0.982   0.396 
20190613_20190701    66.6   18   0.976   0.375 
20190619_20190625   -50.9    6   0.009   1.000 *
20190619_20190701    63.4   12   0.011   1.000 *
20190619_20190707     7.9   18   0.011   1.000 *
20190619_20190713     7.1   24   0.011   1.000 *
20190619_20190719    28.6   30   0.009   1.000 *
20190625_20190701   114.3    6   0.978   0.428 
20190625_20190707    58.8   12   0.979   0.400 
20190625_20190713    58.0   18   0.968   0.393 
20190701_20190707   -55.5    6   0.983   0.448 
20190701_20190713   -56.3   12   0.981   0.420 
20190701_20190719   -34.8   18   0.982   0.414 
20190707_20190713    -0.8    6   0.971   0.449 
20190707_20190719    20.7   12   0.985   0.429 
20190707_20190725   -50.9   18   0.962   0.398 
20190713_20190719    21.5    6   0.983   0.466 
20190713_20190725   -50.1   12   0.974   0.425 
20190713_20190731   -28.0   18   0.962   0.420 
20190713_20190806   -33.2   24   0.975   0.409 
20190719_20190725   -71.6    6   0.983   0.475 
20190719_20190731   -49.5   12   0.983   0.444 
20190719_20190806   -54.7   18   0.971   0.427 
20190725_20190731    22.0    6   0.978   0.468 
20190725_20190806    16.9   12   0.980   0.452 
20190725_20190812    65.8   18   0.971   0.422 
20190731_20190806    -5.1    6   0.973   0.502 
20190731_20190812    43.8   12   0.982   0.466 
20190806_20190812    48.9    6   0.981   0.518 
20190806_20190818   106.4   12   0.978   0.464 
20190812_20190818    57.5    6   0.989   0.549 
20190812_20190824   -40.6   12   0.987   0.491 
20190812_20190830    22.0   18   0.980   0.475 
20190818_20190824   -98.1    6   0.981   0.505 
20190818_20190830   -35.5   12   0.977   0.502 
20190818_20190905   -93.7   18   0.972   0.423 
20190824_20190830    62.6    6   0.979   0.520 
20190824_20190905     4.3   12   0.986   0.487 
20190824_20190911    -2.6   18   0.972   0.451 
20190830_20190905   -58.3    6   0.975   0.473 
20190830_20190911   -65.2   12   0.966   0.433 
20190830_20190917   -64.2   18   0.973   0.425 
20190905_20190911    -7.0    6   0.973   0.519 
20190905_20190917    -5.9   12   0.983   0.461 
20190905_20190923    38.6   18   0.955   0.362 
20190911_20190917     1.0    6   0.971   0.485 
20190911_20190923    45.5   12   0.955   0.367 
20190911_20191005    47.2   24   0.966   0.375 
20190917_20190923    44.5    6   0.975   0.389 
20190917_20191005    46.2   18   0.977   0.377 
20190917_20191011     8.1   24   0.980   0.378 
20190923_20191005     1.7   12   0.988   0.392 
20190923_20191011   -36.4   18   0.966   0.365 
20190923_20191017   -18.3   24   0.959   0.359 
20191005_20191011   -38.0    6   0.978   0.485 
20191005_20191017   -20.0   12   0.967   0.451 
20191005_20191023   -33.5   18   0.976   0.412 
20191011_20191017    18.1    6   0.972   0.485 
20191011_20191023     4.5   12   0.986   0.456 
20191011_20191029    58.1   18   0.969   0.403 
20191017_20191023   -13.6    6   0.975   0.508 
20191017_20191029    40.1   12   0.981   0.435 
20191017_20191104   -25.6   18   0.952   0.369 
20191017_20191110    38.3   24   0.000     nan *
20191023_20191029    53.7    6   0.971   0.482 
20191023_20191104   -12.0   12   0.956   0.369 
20191023_20191110    51.9   18   0.000     nan *
20191023_20191116    97.0   24   0.944   0.321 
20191029_20191104   -65.7    6   0.944   0.356 
20191029_20191110    -1.8   12   0.000     nan *
20191029_20191116    43.3   18   0.937   0.328 
20191029_20191122   -40.6   24   0.955   0.322 
20191104_20191110    63.9    6   0.000     nan *
20191104_20191116   109.0   12   0.932   0.376 
20191104_20191122    25.1   18   0.943   0.377 
20191104_20191128   112.8   24   0.931   0.346 
20191110_20191116    45.1    6   0.000     nan *
20191110_20191122   -38.8   12   0.000     nan *
20191110_20191128    48.9   18   0.000     nan *
20191110_20191210    28.9   30   0.000     nan *
20191116_20191122   -83.9    6   0.945   0.409 
20191116_20191128     3.8   12   0.951   0.417 
20191116_20191204   -93.8   18   0.935   0.359 
20191116_20191210   -16.2   24   0.962   0.409 
20191116_20191216   -24.6   30   0.943   0.368 
20191122_20191128    87.7    6   0.945   0.405 
20191122_20191204    -9.9   12   0.963   0.401 
20191122_20191210    67.7   18   0.953   0.407 
20191122_20191216    59.3   24   0.958   0.374 
20191122_20191222    32.2   30   0.943   0.390 
20191128_20191204   -97.6    6   0.948   0.434 
20191128_20191210   -20.0   12   0.962   0.456 
20191128_20191216   -28.4   18   0.951   0.417 
20191128_20191222   -55.5   24   0.939   0.399 
20191204_20191210    77.6    6   0.955   0.461 
20191204_20191216    69.2   12   0.965   0.449 
20191204_20191222    42.1   18   0.946   0.386 
20191204_20191228   126.7   24   0.946   0.411 
20191210_20191216    -8.4    6   0.965   0.482 
20191210_20191222   -35.5   12   0.953   0.437 
20191210_20191228    49.1   18   0.951   0.414 
20191210_20200103   -83.7   24   0.963   0.398 
20191216_20191222   -27.1    6   0.948   0.437 
20191216_20191228    57.5   12   0.959   0.465 
20191216_20200103   -75.3   18   0.955   0.420 
20191216_20200109    26.1   24   0.979   0.435 
20191222_20191228    84.6    6   0.947   0.449 
20191222_20200103   -48.2   12   0.951   0.415 
20191222_20200109    53.1   18   0.945   0.395 
20191222_20200115   -29.5   24   0.950   0.396 
20191228_20200103  -132.8    6   0.956   0.482 
20191228_20200109   -31.5   12   0.965   0.499 
20191228_20200115  -114.1   18   0.956   0.448 
20191228_20200121   -95.1   24   0.954   0.448 
20200103_20200109   101.3    6   0.965   0.575 
20200103_20200115    18.7   12   0.990   0.579 
20200103_20200121    37.7   18   0.964   0.505 
20200103_20200127    98.2   24   0.976   0.425 
20200109_20200115   -82.6    6   0.967   0.614 
20200109_20200121   -63.7   12   0.976   0.545 
20200109_20200127    -3.1   18   0.972   0.457 
20200109_20200202   -97.2   24   0.971   0.464 
20200115_20200121    19.0    6   0.964   0.581 
20200115_20200127    79.5   12   0.978   0.469 
20200115_20200202   -14.6   18   0.978   0.499 
20200115_20200208   138.6   24   0.965   0.472 
20200121_20200127    60.6    6   0.971   0.494 
20200121_20200202   -33.5   12   0.977   0.532 
20200121_20200208   119.7   18   0.956   0.470 
20200121_20200214   -43.0   24   0.969   0.469 
20200127_20200202   -94.1    6   0.973   0.522 
20200127_20200208    59.1   12   0.980   0.473 
20200127_20200214  -103.6   18   0.968   0.460 
20200127_20200220   -38.4   24   0.987   0.474 
20200202_20200208   153.2    6   0.961   0.471 
20200202_20200214    -9.5   12   0.976   0.527 
20200202_20200220    55.8   18   0.967   0.487 
20200202_20200226     8.0   24   0.970   0.456 
20200208_20200214  -162.7    6   0.951   0.482 
20200208_20200220   -97.4   12   0.982   0.519 
20200208_20200226  -145.2   18   0.953   0.456 
20200208_20200303  -203.5   24   0.942   0.366 
20200214_20200220    65.2    6   0.969   0.551 
20200214_20200226    17.5   12   0.966   0.505 
20200214_20200303   -40.8   18   0.953   0.456 
20200214_20200309   144.9   24   0.959   0.402 
20200220_20200226   -47.8    6   0.965   0.540 
20200220_20200303  -106.1   12   0.958   0.455 
20200220_20200309    79.7   18   0.980   0.456 
20200220_20200315   -76.1   24   0.977   0.447 
20200226_20200303   -58.3    6   0.956   0.458 
20200226_20200309   127.5   12   0.959   0.415 
20200226_20200315   -28.3   18   0.960   0.426 
20200303_20200309   185.8    6   0.953   0.449 
20200303_20200315    30.0   12   0.970   0.477 
20200303_20200321   129.7   18   0.850   0.395 
20200309_20200315  -155.8    6   0.967   0.489 
20200309_20200321   -56.1   12   0.854   0.477 
20200309_20200402  -163.8   24   0.848   0.396 
20200309_20200408   -42.6   30   0.849   0.407 
20200309_20200420   -49.4   42   0.830   0.378 
20200309_20200426  -111.2   48   0.831   0.366 
20200315_20200321    99.7    6   0.856   0.498 
20200315_20200402    -8.0   18   0.854   0.463 
20200315_20200408   113.2   24   0.848   0.407 
20200321_20200402  -107.7   12   0.853   0.451 
20200321_20200408    13.5   18   0.855   0.481 
20200321_20200414  -127.1   24   0.850   0.423 
20200402_20200408   121.1    6   0.971   0.494 
20200402_20200414   -19.4   12   0.042   0.029 *
20200402_20200420   114.4   18   0.950   0.371 
20200402_20200426    52.5   24   0.969   0.411 
20200408_20200414  -140.6    6   0.047   0.029 *
20200408_20200420    -6.7   12   0.980   0.411 
20200408_20200426   -68.6   18   0.972   0.409 
20200408_20200502   -93.7   24   0.967   0.418 
20200414_20200420   133.8    6   0.046   0.029 *
20200414_20200426    71.9   12   0.047   0.029 *
20200414_20200502    46.8   18   0.049   0.030 *
20200414_20200508    40.6   24   0.044   0.029 *
20200420_20200426   -61.9    6   0.968   0.415 
20200420_20200502   -87.0   12   0.965   0.383 
20200420_20200508   -93.2   18   0.958   0.347 
20200420_20200514  -196.9   24   0.927   0.299 
20200426_20200502   -25.1    6   0.973   0.476 
20200426_20200508   -31.3   12   0.980   0.417 
20200426_20200514  -135.1   18   0.944   0.344 
20200426_20200520    25.3   24   0.954   0.355 
20200502_20200508    -6.2    6   0.969   0.450 
20200502_20200514  -110.0   12   0.945   0.380 
20200502_20200520    50.4   18   0.952   0.361 
20200502_20200526   -22.4   24   0.957   0.391 
20200508_20200514  -103.7    6   0.955   0.430 
20200508_20200520    56.6   12   0.954   0.363 
20200508_20200526   -16.2   18   0.958   0.414 
20200508_20200601   -33.0   24   0.982   0.378 
20200514_20200520   160.3    6   0.937   0.344 
20200514_20200526    87.6   12   0.950   0.394 
20200514_20200601    70.7   18   0.950   0.365 
20200514_20200607   177.8   24   0.931   0.304 
20200520_20200526   -72.7    6   0.954   0.380 
20200520_20200601   -89.6   12   0.964   0.372 
20200520_20200607    17.5   18   0.954   0.353 
20200520_20200613   -52.1   24   0.956   0.350 
20200526_20200601   -16.9    6   0.964   0.427 
20200526_20200607    90.3   12   0.952   0.368 
20200526_20200613    20.7   18   0.966   0.405 
20200526_20200619    67.0   24   0.965   0.378 
20200601_20200607   107.2    6   0.960   0.401 
20200601_20200613    37.6   12   0.978   0.401 
20200601_20200619    83.9   18   0.972   0.362 
20200601_20200625    40.0   24   0.971   0.364 
20200607_20200613   -69.6    6   0.970   0.438 
20200607_20200619   -23.2   12   0.979   0.406 
20200607_20200625   -67.2   18   0.973   0.375 
20200607_20200701   -95.6   24   0.974   0.358 
20200613_20200619    46.4    6   0.986   0.462 
20200613_20200625     2.4   12   0.981   0.428 
20200613_20200701   -26.0   18   0.982   0.403 
20200613_20200707     2.3   24   0.967   0.392 
20200613_20200905    48.6   84   0.985   0.356 
20200613_20200923    22.4  102   0.970   0.312 
20200619_20200625   -44.0    6   0.982   0.471 
20200619_20200701   -72.4   12   0.986   0.427 
20200619_20200707   -44.0   18   0.969   0.414 
20200619_20200713   -84.7   24   0.984   0.384 
20200619_20200917    22.4   90   0.983   0.360 
20200625_20200701   -28.4    6   0.989   0.481 
20200625_20200707    -0.1   12   0.986   0.450 
20200625_20200719    52.0   24   0.984   0.413 
20200625_20200911    36.8   78   0.988   0.372 
20200625_20200929    34.2   96   0.968   0.305 
20200701_20200707    28.4    6   0.987   0.483 
20200701_20200725    38.4   24   0.994   0.419 
20200707_20200713   -40.6    6   0.982   0.466 
20200707_20200731    88.4   24   0.988   0.401 
20200713_20200719    92.7    6   0.982   0.481 
20200713_20200806    96.9   24   0.980   0.365 
20200719_20200725   -42.0    6   0.991   0.495 
20200719_20200812   -68.8   24   0.982   0.411 
20200725_20200731    78.3    6   0.989   0.493 
20200725_20200818   -25.4   24   0.993   0.431 
20200731_20200806   -32.1    6   0.986   0.425 
20200731_20200824   -90.6   24   0.986   0.411 
20200806_20200812   -73.0    6   0.991   0.447 
20200806_20200830   -15.8   24   0.993   0.412 
20200812_20200818     1.3    6   0.993   0.515 
20200812_20200905    63.0   24   0.984   0.419 
20200818_20200824    13.1    6   0.992   0.533 
20200818_20200911    52.2   24   0.993   0.431 
20200824_20200830    42.7    6   0.990   0.514 
20200824_20200917    68.8   24   0.984   0.424 
20200830_20200905     5.8    6   0.985   0.487 
20200830_20200923   -20.4   24   0.974   0.363 
20200905_20200911    -9.5    6   0.991   0.503 
20200905_20200929   -12.0   24   0.984   0.339 
20200911_20200917    29.7    6   0.989   0.499 
20200911_20201005    -0.6   24   0.985   0.367 
20200917_20200923   -46.4    6   0.969   0.404 
20200917_20201011   -23.6   24   0.972   0.372 
20200923_20200929    14.2    6   0.964   0.360 
20200923_20201017    -7.8   24   0.963   0.314 
20200929_20201005     2.0    6   0.990   0.457 
20200929_20201023   -46.3   24   0.976   0.378 
20201005_20201011     6.6    6   0.986   0.485 
20201005_20201029   -15.3   24   0.989   0.409 
20201011_20201017   -30.6    6   0.974   0.386 
20201011_20201104    31.1   24   0.983   0.422 
20201017_20201023   -24.3    6   0.980   0.450 
20201017_20201110    13.3   24   0.985   0.382 
20201023_20201029    33.0    6   0.991   0.510 
20201023_20201116   101.5   24   0.985   0.391 
20201029_20201104    53.0    6   0.989   0.536 
20201029_20201122     6.0   24   0.987   0.415 
20201104_20201110   -48.4    6   0.993   0.537 
20201104_20201128   -60.9   24   0.982   0.401 
20201110_20201116    63.9    6   0.990   0.478 
20201110_20201204    70.7   24   0.986   0.382 
20201116_20201122   -62.4    6   0.976   0.424 
20201116_20201210   -83.8   24   0.974   0.373 
20201122_20201128   -13.9    6   0.974   0.515 
20201122_20201216   106.9   24   0.978   0.414 
20201128_20201204    83.1    6   0.972   0.432 
20201128_20201222    -2.6   24   0.988   0.447 
20201204_20201210   -90.6    6   0.971   0.472 
20201204_20201228   -21.1   24   0.986   0.452 
20201210_20201216   128.2    6   0.973   0.467 
20201210_20210220   -55.9   72   0.973   0.384 
20201216_20201222  -123.4    6   0.984   0.551 
20201216_20201228   -58.7   12   0.855   0.478 
20201216_20210103   -65.6   18   0.852   0.448 
20201216_20210220  -184.1   66   0.967   0.360 
20201222_20201228    64.7    6   0.980   0.487 
20201222_20210103    57.8   12   0.852   0.466 
20201222_20210109   -16.3   18   0.850   0.435 
20201222_20210220   -60.8   60   0.989   0.419 
20201228_20210103    -6.9    6   0.854   0.523 
20201228_20210109   -81.0   12   0.853   0.493 
20201228_20210115    26.2   18   0.854   0.473 
20201228_20210220  -125.5   54   0.970   0.371 
20210103_20210109   -74.1    6   0.855   0.523 
20210103_20210115    33.1   12   0.855   0.542 
20210103_20210121   -94.8   18   0.854   0.482 
20210109_20210115   107.2    6   0.855   0.504 
20210109_20210121   -20.8   12   0.855   0.500 
20210109_20210127   126.1   18   0.848   0.407 
20210115_20210121  -128.0    6   0.855   0.530 
20210115_20210127    18.9   12   0.856   0.511 
20210115_20210202   -62.3   18   0.854   0.461 
20210121_20210127   146.9    6   0.854   0.461 
20210121_20210202    65.7   12   0.854   0.465 
20210121_20210208   104.5   18   0.850   0.414 
20210127_20210202   -81.2    6   0.853   0.454 
20210127_20210208   -42.3   12   0.853   0.442 
20210127_20210214    12.5   18   0.854   0.474 
20210202_20210208    38.9    6   0.855   0.543 
20210202_20210214    93.7   12   0.853   0.462 
20210202_20210220   -89.4   18   0.851   0.431 
20210208_20210214    54.9    6   0.855   0.470 
20210208_20210220  -128.2   12   0.849   0.420 
20210208_20210226    14.4   18   0.850   0.421 
20210214_20210220  -183.1    6   0.853   0.469 
20210214_20210226   -40.5   12   0.856   0.492 
20210214_20210304  -200.4   18   0.849   0.393 
20210220_20210226   142.6    6   0.855   0.512 
20210220_20210304   -17.3   12   0.856   0.530 
20210220_20210310    85.1   18   0.851   0.420 
20210226_20210304  -159.9    6   0.855   0.492 
20210226_20210310   -57.5   12   0.853   0.447 
20210226_20210316   -96.2   18   0.853   0.448 
20210304_20210310   102.4    6   0.851   0.430 
20210304_20210316    63.7   12   0.854   0.485 
20210304_20210322    -8.8   18   0.854   0.475 
20210310_20210316   -38.7    6   0.856   0.503 
20210310_20210322  -111.2   12   0.851   0.446 
20210310_20210328    34.2   18   0.852   0.437 
20210316_20210322   -72.5    6   0.856   0.550 
20210316_20210328    73.0   12   0.855   0.475 
20210316_20210403   -78.9   18   0.852   0.441 
20210322_20210328   145.4    6   0.854   0.466 
20210322_20210403    -6.4   12   0.855   0.476 
20210322_20210409   100.7   18   0.852   0.438 
20210328_20210403  -151.9    6   0.854   0.483 
20210328_20210409   -44.7   12   0.856   0.483 
20210328_20210415  -117.3   18   0.850   0.418 
20210403_20210409   107.2    6   0.854   0.497 
20210403_20210415    34.6   12   0.855   0.476 
20210403_20210421    36.9   18   0.852   0.455 
20210409_20210415   -72.5    6   0.855   0.503 
20210409_20210421   -70.2   12   0.853   0.461 
20210409_20210427    52.1   18   0.851   0.437 
20210415_20210421     2.3    6   0.856   0.539 
20210415_20210427   124.6   12   0.850   0.432 
20210415_20210503   -18.5   18   0.850   0.446 
20210421_20210427   122.3    6   0.852   0.460 
20210421_20210503   -20.8   12   0.853   0.468 
20210421_20210509   130.4   18   0.840   0.380 
20210427_20210503  -143.1    6   0.848   0.438 
20210427_20210509     8.1   12   0.849   0.448 
20210427_20210515   -54.5   18   0.832   0.371 
20210503_20210509   151.2    6   0.852   0.417 
20210503_20210515    88.6   12   0.837   0.385 
20210503_20210521    58.9   18   0.838   0.400 
20210509_20210515   -62.6    6   0.842   0.399 
20210509_20210521   -92.3   12   0.844   0.419 
20210509_20210527    -7.8   18   0.839   0.416 
20210515_20210521   -29.8    6   0.846   0.418 
20210515_20210527    54.8   12   0.839   0.382 
20210515_20210602    -5.9   18   0.834   0.373 
20210521_20210527    84.6    6   0.849   0.439 
20210521_20210602    23.9   12   0.849   0.440 
20210521_20210608    60.0   18   0.838   0.398 
20210527_20210602   -60.7    6   0.854   0.467 
20210527_20210608   -24.6   12   0.850   0.446 
20210527_20210614   -47.7   18   0.843   0.418 
20210602_20210608    36.1    6   0.855   0.484 
20210602_20210614    13.1   12   0.849   0.441 
20210602_20210620     0.8   18   0.846   0.433 
20210608_20210614   -23.1    6   0.855   0.477 
20210608_20210620   -35.3   12   0.850   0.446 
20210608_20210626   -11.0   18   0.844   0.426 
20210614_20210620   -12.3    6   0.855   0.479 
20210614_20210626    12.1   12   0.848   0.445 
20210614_20210702   -36.9   18   0.843   0.417 
20210620_20210626    24.3    6   0.853   0.480 
20210620_20210702   -24.6   12   0.850   0.448 
20210620_20210708   -25.6   18   0.847   0.437 
20210626_20210702   -48.9    6   0.853   0.473 
20210626_20210708   -49.9   12   0.851   0.452 
20210626_20210714   -29.3   18   0.844   0.407 
20210702_20210708    -1.0    6   0.856   0.496 
20210702_20210714    19.7   12   0.852   0.434 
20210702_20210720   -15.1   18   0.844   0.403 
20210708_20210714    20.6    6   0.854   0.467 
20210708_20210720   -14.2   12   0.849   0.425 
20210708_20210726   -49.3   18   0.850   0.432 
20210714_20210720   -34.8    6   0.850   0.443 
20210714_20210726   -69.9   12   0.848   0.408 
20210714_20210801   -26.7   18   0.846   0.411 
20210720_20210726   -35.1    6   0.853   0.452 
20210720_20210801     8.1   12   0.849   0.428 
20210720_20210807    82.0   18   0.843   0.397 
20210726_20210801    43.2    6   0.854   0.486 
20210726_20210807   117.1   12   0.847   0.418 
20210726_20210813    68.7   18   0.849   0.436 
20210801_20210807    73.9    6   0.852   0.477 
20210801_20210813    25.4   12   0.853   0.477 
20210801_20210819    55.5   18   0.850   0.453 
20210807_20210813   -48.5    6   0.855   0.514 
20210807_20210819   -18.4   12   0.854   0.494 
20210807_20210825    -8.9   18   0.843   0.409 
20210813_20210819    30.1    6   0.856   0.562 
20210813_20210825    39.5   12   0.842   0.420 
20210813_20210831   -60.6   18   0.850   0.440 
20210819_20210825     9.5    6   0.848   0.445 
20210819_20210831   -90.7   12   0.852   0.450 
20210819_20210906   -34.0   18   0.852   0.450 
20210825_20210831  -100.1    6   0.848   0.423 
20210825_20210906   -43.5   12   0.845   0.411 
20210825_20210912   -48.1   18   0.841   0.394 
20210831_20210906    56.7    6   0.855   0.493 
20210831_20210912    52.0   12   0.854   0.465 
20210906_20210912    -4.7    6   0.856   0.536 
